1:
[[-0.87944119 -0.2039358   0.43010856]
 [-0.47316504  0.4731282  -0.74314504]
 [-0.05194261 -0.8570647  -0.51258372]]

2:
[[-0.65856611 -0.75025801 -0.05834028]
 [-0.47318376  0.47313983 -0.74312572]
 [ 0.58513913 -0.46179174 -0.66660376]]

3:
[[-0.05200252 -0.85706389 -0.51257899]
 [-0.47317612  0.47314693 -0.74312606]
 [ 0.87943169  0.20389571 -0.430147  ]]

4:
[[-0.85710088  0.05205456 -0.51251185]
 [ 0.47311216  0.47317026 -0.74315193]
 [ 0.20382092 -0.87943176 -0.43018229]]

4:
[[-0.85710088  0.05205456 -0.51251185]
 [ 0.47311216  0.47317026 -0.74315193]
 [ 0.20382092 -0.87943176 -0.43018229]]

5:
[[-0.75021388  0.6586115  -0.05839551]
 [ 0.47323429  0.47316922 -0.74307482]
 [-0.46176666 -0.5850998  -0.66665566]]

6:
[[-0.20396015  0.87940766  0.43016558]
 [ 0.47312201  0.47322589 -0.74311023]
 [-0.85706232  0.05195593 -0.51258634]]

7:
[[-0.76600316  0.64282033  0.00460256]
 [-0.0370012  -0.03694154 -0.99863218]
 [-0.64177104 -0.76512571  0.05208246]]

8:
[[-0.64279724 -0.7660228   0.00455807]
 [ 0.0369527  -0.03695051 -0.99863365]
 [ 0.76514456 -0.64175052  0.0520583 ]]

9:
[[ 0.76587138 -0.64297762  0.00456103]
 [ 0.03712429  0.03713613 -0.9986204 ]
 [ 0.64192119  0.76498411  0.05231159]]

9:
[[ 0.76587138 -0.64297762  0.00456103]
 [ 0.03712429  0.03713613 -0.9986204 ]
 [ 0.64192119  0.76498411  0.05231159]]

10:
[[-0.84579941 -0.2376077  -0.47766718]
 [ 0.52551402 -0.52540488 -0.66916719]
 [-0.09196939 -0.81700201  0.56925332]]

11:
[[-0.66317401 -0.74565035  0.06485197]
 [ 0.52555909 -0.5256099  -0.66897076]
 [ 0.53290512 -0.40956048  0.74045415]]

12:
[[-0.09214631 -0.81695619  0.56929047]
 [ 0.52537825 -0.52555527 -0.6691557 ]
 [ 0.8458645   0.2374326   0.477639  ]]

13:
[[-0.81693877  0.09204256  0.56933225]
 [-0.52555081 -0.5253451  -0.66918523]
 [ 0.23750239 -0.84589639  0.47754782]]

14:
[[-0.74561055  0.66321493  0.0648911 ]
 [-0.52559846 -0.52543216 -0.66907945]
 [-0.40964761 -0.53297937  0.7403525 ]]

15:
[[-0.23750046  0.84583147 -0.47766374]
 [-0.52545975 -0.525446   -0.66917752]
 [-0.81699791  0.0920631   0.56924406]]

